[2, 3, 5] [0, 0, 0] [2]
----------
0 2
[4, 3, 5] [1, 0, 0] [2]
----------
1 3
[4, 6, 5] [1, 1, 0] [2, 3]
----------
2 4
[6, 6, 5] [2, 1, 0] [2, 3, 4]
----------
3 3 (2, 3, 5)
Total generated: 3 v/s k=3 for input (2, 3, 5)
============================================================
[2, 3, 5] [0, 0, 0] [2]
----------
0 2
[4, 3, 5] [1, 0, 0] [2]
----------
1 3
[4, 6, 5] [1, 1, 0] [2, 3]
----------
2 4
[6, 6, 5] [2, 1, 0] [2, 3, 4]
----------
3 5
[6, 6, 10] [2, 1, 1] [2, 3, 4, 5]
----------
4 6
[8, 9, 10] [3, 2, 1] [2, 3, 4, 5, 6]
----------
5 5 (2, 3, 5)
Total generated: 5 v/s k=5 for input (2, 3, 5)
============================================================
0 0 (2, 2, 2)
Total generated: 0 v/s k=0 for input (2, 2, 2)
============================================================
[3, 11, 7] [0, 0, 0] [3]
----------
0 3
[9, 11, 7] [1, 0, 0] [3]
----------
1 7
[9, 11, 21] [1, 0, 1] [3, 7]
----------
2 9
[21, 11, 21] [2, 0, 1] [3, 7, 9]
----------
3 11
[21, 33, 21] [2, 1, 1] [3, 7, 9, 11]
----------
4 21
[27, 33, 49] [3, 1, 2] [3, 7, 9, 11, 21]
----------
5 27
[33, 33, 49] [4, 1, 2] [3, 7, 9, 11, 21, 27]
----------
6 33
[63, 77, 49] [5, 2, 2] [3, 7, 9, 11, 21, 27, 33]
----------
7 49
[63, 77, 63] [5, 2, 3] [3, 7, 9, 11, 21, 27, 33, 49]
----------
8 63
[81, 77, 77] [6, 2, 4] [3, 7, 9, 11, 21, 27, 33, 49, 63]
----------
9 77
[81, 99, 147] [6, 3, 5] [3, 7, 9, 11, 21, 27, 33, 49, 63, 77]
----------
10 81
[99, 99, 147] [7, 3, 5] [3, 7, 9, 11, 21, 27, 33, 49, 63, 77, 81]
----------
11 99
[147, 121, 147] [8, 4, 5] [3, 7, 9, 11, 21, 27, 33, 49, 63, 77, 81, 99]
----------
12 121
[147, 231, 147] [8, 5, 5] [3, 7, 9, 11, 21, 27, 33, 49, 63, 77, 81, 99, 121]
----------
13 147
[189, 231, 189] [9, 5, 6] [3, 7, 9, 11, 21, 27, 33, 49, 63, 77, 81, 99, 121, 147]
----------
14 189
[231, 231, 231] [10, 5, 7] [3, 7, 9, 11, 21, 27, 33, 49, 63, 77, 81, 99, 121, 147, 189]
----------
15 231
[243, 297, 343] [11, 6, 8] [3, 7, 9, 11, 21, 27, 33, 49, 63, 77, 81, 99, 121, 147, 189, 231]
----------
16 243
[297, 297, 343] [12, 6, 8] [3, 7, 9, 11, 21, 27, 33, 49, 63, 77, 81, 99, 121, 147, 189, 231, 243]
----------
17 297
[363, 363, 343] [13, 7, 8] [3, 7, 9, 11, 21, 27, 33, 49, 63, 77, 81, 99, 121, 147, 189, 231, 243, 297]
----------
18 343
[363, 363, 441] [13, 7, 9] [3, 7, 9, 11, 21, 27, 33, 49, 63, 77, 81, 99, 121, 147, 189, 231, 243, 297, 343]
----------
19 363
[441, 539, 441] [14, 8, 9] [3, 7, 9, 11, 21, 27, 33, 49, 63, 77, 81, 99, 121, 147, 189, 231, 243, 297, 343, 363]
----------
20 441
[567, 539, 539] [15, 8, 10] [3, 7, 9, 11, 21, 27, 33, 49, 63, 77, 81, 99, 121, 147, 189, 231, 243, 297, 343, 363, 441]
----------
21 539
[567, 693, 567] [15, 9, 11] [3, 7, 9, 11, 21, 27, 33, 49, 63, 77, 81, 99, 121, 147, 189, 231, 243, 297, 343, 363, 441, 539]
----------
22 567
[693, 693, 693] [16, 9, 12] [3, 7, 9, 11, 21, 27, 33, 49, 63, 77, 81, 99, 121, 147, 189, 231, 243, 297, 343, 363, 441, 539, 567]
----------
23 693
[729, 847, 847] [17, 10, 13] [3, 7, 9, 11, 21, 27, 33, 49, 63, 77, 81, 99, 121, 147, 189, 231, 243, 297, 343, 363, 441, 539, 567, 693]
----------
24 729
[891, 847, 847] [18, 10, 13] [3, 7, 9, 11, 21, 27, 33, 49, 63, 77, 81, 99, 121, 147, 189, 231, 243, 297, 343, 363, 441, 539, 567, 693, 729]
----------
25 847
[891, 891, 1029] [18, 11, 14] [3, 7, 9, 11, 21, 27, 33, 49, 63, 77, 81, 99, 121, 147, 189, 231, 243, 297, 343, 363, 441, 539, 567, 693, 729, 847]
----------
26 891
[1029, 1089, 1029] [19, 12, 14] [3, 7, 9, 11, 21, 27, 33, 49, 63, 77, 81, 99, 121, 147, 189, 231, 243, 297, 343, 363, 441, 539, 567, 693, 729, 847, 891]
----------
27 1029
[1089, 1089, 1323] [20, 12, 15] [3, 7, 9, 11, 21, 27, 33, 49, 63, 77, 81, 99, 121, 147, 189, 231, 243, 297, 343, 363, 441, 539, 567, 693, 729, 847, 891, 1029]
----------
28 1089
[1323, 1331, 1323] [21, 13, 15] [3, 7, 9, 11, 21, 27, 33, 49, 63, 77, 81, 99, 121, 147, 189, 231, 243, 297, 343, 363, 441, 539, 567, 693, 729, 847, 891, 1029, 1089]
----------
29 1323
[1617, 1331, 1617] [22, 13, 16] [3, 7, 9, 11, 21, 27, 33, 49, 63, 77, 81, 99, 121, 147, 189, 231, 243, 297, 343, 363, 441, 539, 567, 693, 729, 847, 891, 1029, 1089, 1323]
----------
30 1331
[1617, 1617, 1617] [22, 14, 16] [3, 7, 9, 11, 21, 27, 33, 49, 63, 77, 81, 99, 121, 147, 189, 231, 243, 297, 343, 363, 441, 539, 567, 693, 729, 847, 891, 1029, 1089, 1323, 1331]
----------
31 1617
[1701, 2079, 1701] [23, 15, 17] [3, 7, 9, 11, 21, 27, 33, 49, 63, 77, 81, 99, 121, 147, 189, 231, 243, 297, 343, 363, 441, 539, 567, 693, 729, 847, 891, 1029, 1089, 1323, 1331, 1617]
----------
32 1701
[2079, 2079, 2079] [24, 15, 18] [3, 7, 9, 11, 21, 27, 33, 49, 63, 77, 81, 99, 121, 147, 189, 231, 243, 297, 343, 363, 441, 539, 567, 693, 729, 847, 891, 1029, 1089, 1323, 1331, 1617, 1701]
----------
33 2079
[2187, 2541, 2401] [25, 16, 19] [3, 7, 9, 11, 21, 27, 33, 49, 63, 77, 81, 99, 121, 147, 189, 231, 243, 297, 343, 363, 441, 539, 567, 693, 729, 847, 891, 1029, 1089, 1323, 1331, 1617, 1701, 2079]
----------
34 2187
[2541, 2541, 2401] [26, 16, 19] [3, 7, 9, 11, 21, 27, 33, 49, 63, 77, 81, 99, 121, 147, 189, 231, 243, 297, 343, 363, 441, 539, 567, 693, 729, 847, 891, 1029, 1089, 1323, 1331, 1617, 1701, 2079, 2187]
----------
35 2401
[2541, 2541, 2541] [26, 16, 20] [3, 7, 9, 11, 21, 27, 33, 49, 63, 77, 81, 99, 121, 147, 189, 231, 243, 297, 343, 363, 441, 539, 567, 693, 729, 847, 891, 1029, 1089, 1323, 1331, 1617, 1701, 2079, 2187, 2401]
----------
36 2541
[2673, 2673, 3087] [27, 17, 21] [3, 7, 9, 11, 21, 27, 33, 49, 63, 77, 81, 99, 121, 147, 189, 231, 243, 297, 343, 363, 441, 539, 567, 693, 729, 847, 891, 1029, 1089, 1323, 1331, 1617, 1701, 2079, 2187, 2401, 2541]
----------
37 2673
[3087, 3267, 3087] [28, 18, 21] [3, 7, 9, 11, 21, 27, 33, 49, 63, 77, 81, 99, 121, 147, 189, 231, 243, 297, 343, 363, 441, 539, 567, 693, 729, 847, 891, 1029, 1089, 1323, 1331, 1617, 1701, 2079, 2187, 2401, 2541, 2673]
----------
38 3087
[3267, 3267, 3773] [29, 18, 22] [3, 7, 9, 11, 21, 27, 33, 49, 63, 77, 81, 99, 121, 147, 189, 231, 243, 297, 343, 363, 441, 539, 567, 693, 729, 847, 891, 1029, 1089, 1323, 1331, 1617, 1701, 2079, 2187, 2401, 2541, 2673, 3087]
----------
39 3267
[3969, 3773, 3773] [30, 19, 22] [3, 7, 9, 11, 21, 27, 33, 49, 63, 77, 81, 99, 121, 147, 189, 231, 243, 297, 343, 363, 441, 539, 567, 693, 729, 847, 891, 1029, 1089, 1323, 1331, 1617, 1701, 2079, 2187, 2401, 2541, 2673, 3087, 3267]
----------
40 3773
[3969, 3993, 3969] [30, 20, 23] [3, 7, 9, 11, 21, 27, 33, 49, 63, 77, 81, 99, 121, 147, 189, 231, 243, 297, 343, 363, 441, 539, 567, 693, 729, 847, 891, 1029, 1089, 1323, 1331, 1617, 1701, 2079, 2187, 2401, 2541, 2673, 3087, 3267, 3773]
----------
41 3969
[3993, 3993, 4851] [31, 20, 24] [3, 7, 9, 11, 21, 27, 33, 49, 63, 77, 81, 99, 121, 147, 189, 231, 243, 297, 343, 363, 441, 539, 567, 693, 729, 847, 891, 1029, 1089, 1323, 1331, 1617, 1701, 2079, 2187, 2401, 2541, 2673, 3087, 3267, 3773, 3969]
----------
42 3993
[4851, 4851, 4851] [32, 21, 24] [3, 7, 9, 11, 21, 27, 33, 49, 63, 77, 81, 99, 121, 147, 189, 231, 243, 297, 343, 363, 441, 539, 567, 693, 729, 847, 891, 1029, 1089, 1323, 1331, 1617, 1701, 2079, 2187, 2401, 2541, 2673, 3087, 3267, 3773, 3969, 3993]
----------
43 4851
[5103, 5929, 5103] [33, 22, 25] [3, 7, 9, 11, 21, 27, 33, 49, 63, 77, 81, 99, 121, 147, 189, 231, 243, 297, 343, 363, 441, 539, 567, 693, 729, 847, 891, 1029, 1089, 1323, 1331, 1617, 1701, 2079, 2187, 2401, 2541, 2673, 3087, 3267, 3773, 3969, 3993, 4851]
----------
44 5103
[6237, 5929, 5929] [34, 22, 26] [3, 7, 9, 11, 21, 27, 33, 49, 63, 77, 81, 99, 121, 147, 189, 231, 243, 297, 343, 363, 441, 539, 567, 693, 729, 847, 891, 1029, 1089, 1323, 1331, 1617, 1701, 2079, 2187, 2401, 2541, 2673, 3087, 3267, 3773, 3969, 3993, 4851, 5103]
----------
45 5929
[6237, 6237, 6237] [34, 23, 27] [3, 7, 9, 11, 21, 27, 33, 49, 63, 77, 81, 99, 121, 147, 189, 231, 243, 297, 343, 363, 441, 539, 567, 693, 729, 847, 891, 1029, 1089, 1323, 1331, 1617, 1701, 2079, 2187, 2401, 2541, 2673, 3087, 3267, 3773, 3969, 3993, 4851, 5103, 5929]
----------
46 6237
[6561, 7623, 7203] [35, 24, 28] [3, 7, 9, 11, 21, 27, 33, 49, 63, 77, 81, 99, 121, 147, 189, 231, 243, 297, 343, 363, 441, 539, 567, 693, 729, 847, 891, 1029, 1089, 1323, 1331, 1617, 1701, 2079, 2187, 2401, 2541, 2673, 3087, 3267, 3773, 3969, 3993, 4851, 5103, 5929, 6237]
----------
47 6561
[7203, 7623, 7203] [36, 24, 28] [3, 7, 9, 11, 21, 27, 33, 49, 63, 77, 81, 99, 121, 147, 189, 231, 243, 297, 343, 363, 441, 539, 567, 693, 729, 847, 891, 1029, 1089, 1323, 1331, 1617, 1701, 2079, 2187, 2401, 2541, 2673, 3087, 3267, 3773, 3969, 3993, 4851, 5103, 5929, 6237, 6561]
----------
48 7203
[7623, 7623, 7623] [37, 24, 29] [3, 7, 9, 11, 21, 27, 33, 49, 63, 77, 81, 99, 121, 147, 189, 231, 243, 297, 343, 363, 441, 539, 567, 693, 729, 847, 891, 1029, 1089, 1323, 1331, 1617, 1701, 2079, 2187, 2401, 2541, 2673, 3087, 3267, 3773, 3969, 3993, 4851, 5103, 5929, 6237, 6561, 7203]
----------
49 7623
[8019, 8019, 9261] [38, 25, 30] [3, 7, 9, 11, 21, 27, 33, 49, 63, 77, 81, 99, 121, 147, 189, 231, 243, 297, 343, 363, 441, 539, 567, 693, 729, 847, 891, 1029, 1089, 1323, 1331, 1617, 1701, 2079, 2187, 2401, 2541, 2673, 3087, 3267, 3773, 3969, 3993, 4851, 5103, 5929, 6237, 6561, 7203, 7623]
----------
50 50 (3, 11, 7)
Total generated: 50 v/s k=50 for input (3, 11, 7)
============================================================
