Graph(Vertices=25, Edges=48)
 0 => [7, 11]
 1 => [8, 10, 12]
 2 => [5, 9, 11, 13]
 3 => [6, 12, 14]
 4 => [7, 13]
 5 => [2, 12, 16]
 6 => [3, 13, 15, 17]
 7 => [0, 4, 10, 14, 16, 18]
 8 => [1, 11, 17, 19]
 9 => [2, 12, 18]
 10 => [1, 7, 17, 21]
 11 => [0, 2, 8, 18, 20, 22]
 12 => [1, 3, 5, 9, 15, 19, 21, 23]
 13 => [2, 4, 6, 16, 22, 24]
 14 => [3, 7, 17, 23]
 15 => [6, 12, 22]
 16 => [5, 7, 13, 23]
 17 => [6, 8, 10, 14, 20, 24]
 18 => [7, 9, 11, 21]
 19 => [8, 12, 22]
 20 => [11, 17]
 21 => [10, 12, 18]
 22 => [11, 13, 15, 19]
 23 => [12, 14, 16]
 24 => [13, 17]

 Above Graph shows all nodes covered by the knight
..on a 5 by 5 chess board
Max moves possible from Node/Square # 12
